44
88
132
173
214
256
289
322
357
40
80
122
172
222
274
296
318
340
7
14
22
25
28
31
44
57
71
21
42
64
70
76
84
95
106
119
18
36
55
73
91
109
122
135
149
17
34
53
55
57
59
64
69
75
10
20
32
38
44
52
53
54
55
11
22
34
47
60
73
88
103
119
6
12
19
21
23
27
43
59
76
11
22
35
44
53
63
73
83
93
12
24
37
46
55
66
76
86
97
4
8
13
16
19
24
26
28
30
15
30
47
57
67
77
84
91
100
8
16
26
27
28
31
36
41
48
6
12
20
32
44
56
70
84
99
10
20
30
44
58
72
79
86
93
20
40
62
69
76
83
97
111
125
13
26
39
55
71
87
106
125
146
8
16
25
32
39
47
50
53
56
2
4
7
18
29
41
56
71
87
10
20
30
48
66
86
104
122
142
11
22
33
38
43
50
59
68
79
15
30
46
59
72
85
108
131
154
11
22
33
42
51
62
77
92
108
14
28
42
53
64
77
82
87
92
9
18
28
30
32
35
45
55
67
17
34
53
62
71
80
94
108
124
18
36
54
68
82
97
109
121
133
7
14
21
37
53
71
87
103
120
16
32
48
60
72
84
96
108
120
